1684247329533 0.52321 0
1684247374423 0.69564 1
1684247419927 0.70802 2
1684247464443 0.67847 3
1684247509646 0.68302 4
1684247552979 0.71301 5
1684247600187 0.72145 6
1684247646390 0.70212 7
1684247689163 0.72496 8
1684247731703 0.71589 9
1684247774459 0.73573 10
1684247816743 0.71712 11
1684247859281 0.74038 12
1684247902226 0.71771 13
1684247945426 0.77182 14
1684247988174 0.71373 15
1684248030985 0.78647 16
1684248073706 0.74745 17
1684248116204 0.75086 18
1684248160290 0.75185 19
1684248205857 0.82885 20
1684248249967 0.81682 21
1684248293582 0.83392 22
1684248337256 0.84083 23
1684248381160 0.84435 24
1684248425179 0.86073 25
1684248469451 0.83371 26
1684248513311 0.88754 27
1684248559193 0.88049 28
1684248608830 0.88301 29
1684248655758 0.89275 30
1684248701822 0.91404 31
1684248746530 0.91867 32
1684248790856 0.90795 33
1684248843302 0.91594 34
1684248891297 0.93111 35
1684248938343 0.93137 36
1684248988532 0.93842 37
1684249034898 0.94142 38
1684249080816 0.93588 39
1684249123335 0.94889 40
1684249170967 0.93817 41
1684249218189 0.9542 42
1684249262080 0.95323 43
1684249304386 0.95405 44
1684249347484 0.96011 45
1684249390385 0.95361 46
1684249432829 0.9617 47
1684249475733 0.9595 48
1684249518423 0.96522 49
1684249561327 0.9647 50
1684249603922 0.971 51
1684249646685 0.9732 52
1684249689186 0.96642 53
1684249732185 0.96871 54
1684249775218 0.97085 55
1684249817888 0.97536 56
1684249860519 0.97124 57
1684249903499 0.97574 58
1684249946500 0.97727 59
1684249989394 0.97632 60
1684250031789 0.97556 61
1684250074879 0.98006 62
1684250117849 0.97928 63
1684250161280 0.97497 64
1684250203854 0.98317 65
1684250246767 0.9801 66
1684250289848 0.98247 67
1684250332468 0.98208 68
1684250375451 0.98292 69
