1684247329525 0.3249635696411133 0
1684247374415 0.3372059166431427 1
1684247419918 0.3412680923938751 2
1684247464436 0.3599577248096466 3
1684247509634 0.34021273255348206 4
1684247552973 0.3405698835849762 5
1684247600177 0.3399480879306793 6
1684247646384 0.33881133794784546 7
1684247689154 0.33952635526657104 8
1684247731694 0.3361055850982666 9
1684247774453 0.33686959743499756 10
1684247816737 0.3303254544734955 11
1684247859275 0.33023330569267273 12
1684247902218 0.3254249393939972 13
1684247945417 0.3065946698188782 14
1684247988168 0.30565255880355835 15
1684248030978 0.27339038252830505 16
1684248073700 0.2436337023973465 17
1684248116197 0.2621877193450928 18
1684248160279 0.23620663583278656 19
1684248205851 0.15345264971256256 20
1684248249959 0.16479498147964478 21
1684248293573 0.1201496496796608 22
1684248337246 0.07261757552623749 23
1684248381154 0.09034621715545654 24
1684248425172 0.06180620193481445 25
1684248469442 0.04505630210042 26
1684248513304 0.038507040590047836 27
1684248559182 0.04954611882567406 28
1684248608821 0.04004717245697975 29
1684248655750 0.0448346883058548 30
1684248701815 0.07328566163778305 31
1684248746524 0.03846220299601555 32
1684248790846 0.05155080929398537 33
1684248843296 0.05069123953580856 34
1684248891287 0.038961682468652725 35
1684248938333 0.03766908124089241 36
1684248988525 0.03738513961434364 37
1684249034889 0.030054764822125435 38
1684249080806 0.02857651561498642 39
1684249123330 0.019512228667736053 40
1684249170957 0.01629786379635334 41
1684249218182 0.015774769708514214 42
1684249262071 0.02096196636557579 43
1684249304380 0.014634584076702595 44
1684249347477 0.010362647473812103 45
1684249390379 0.05320179834961891 46
1684249432822 0.011569375172257423 47
1684249475724 0.009291073307394981 48
1684249518414 0.011523423716425896 49
1684249561321 0.01258213073015213 50
1684249603913 0.007764758542180061 51
1684249646676 0.029680542647838593 52
1684249689177 0.01064063236117363 53
1684249732177 0.006648288574069738 54
1684249775211 0.009813363663852215 55
1684249817879 0.007365913596004248 56
1684249860511 0.007651660591363907 57
1684249903490 0.0048384577967226505 58
1684249946493 0.017536286264657974 59
1684249989386 0.013186955824494362 60
1684250031781 0.004755692556500435 61
1684250074872 0.004052335862070322 62
1684250117841 0.0059274425730109215 63
1684250161272 0.02292947843670845 64
1684250203847 0.0071459184400737286 65
1684250246757 0.0051339492201805115 66
1684250289840 0.01456060353666544 67
1684250332459 0.006716317031532526 68
1684250375443 0.015182333998382092 69
