1684247329528 0.0004 0
1684247374420 0.0004 1
1684247419923 0.00041 2
1684247464440 0.00041 3
1684247509640 0.00042 4
1684247552976 0.00042 5
1684247600183 0.00043 6
1684247646387 0.00043 7
1684247689159 0.00044 8
1684247731699 0.00044 9
1684247774456 0.00045 10
1684247816740 0.00045 11
1684247859278 0.00045 12
1684247902223 0.00046 13
1684247945422 0.00046 14
1684247988172 0.00047 15
1684248030982 0.00047 16
1684248073703 0.00048 17
1684248116201 0.00048 18
1684248160286 0.00049 19
1684248205854 0.00049 20
1684248249963 0.0005 21
1684248293578 0.0005 22
1684248337251 0.00051 23
1684248381157 0.00051 24
1684248425176 0.00051 25
1684248469447 0.00052 26
1684248513307 0.00052 27
1684248559187 0.00053 28
1684248608825 0.00053 29
1684248655755 0.00054 30
1684248701819 0.00054 31
1684248746527 0.00055 32
1684248790851 0.00055 33
1684248843299 0.00056 34
1684248891293 0.00056 35
1684248938338 0.00056 36
1684248988530 0.00057 37
1684249034894 0.00057 38
1684249080811 0.00058 39
1684249123333 0.00058 40
1684249170962 0.00059 41
1684249218186 0.00059 42
1684249262076 0.0006 43
1684249304383 0.0006 44
1684249347480 0.00061 45
1684249390382 0.00061 46
1684249432825 0.00061 47
1684249475729 0.00062 48
1684249518419 0.00062 49
1684249561324 0.00063 50
1684249603918 0.00063 51
1684249646681 0.00064 52
1684249689182 0.00064 53
1684249732181 0.00065 54
1684249775215 0.00065 55
1684249817883 0.00066 56
1684249860515 0.00066 57
1684249903494 0.00067 58
1684249946497 0.00067 59
1684249989391 0.00067 60
1684250031785 0.00068 61
1684250074876 0.00068 62
1684250117845 0.00069 63
1684250161277 0.00069 64
1684250203851 0.0007 65
1684250246762 0.0007 66
1684250289845 0.00071 67
1684250332463 0.00071 68
1684250375448 0.00072 69
