1684247329550 0.05394 0
1684247374432 0.05394 1
1684247419940 0.05394 2
1684247464451 0.05394 3
1684247509661 0.05394 4
1684247552987 0.05394 5
1684247600200 0.05394 6
1684247646399 0.05394 7
1684247689172 0.05394 8
1684247731711 0.05394 9
1684247774468 0.05394 10
1684247816755 0.05394 11
1684247859290 0.05394 12
1684247902239 0.05394 13
1684247945438 0.05394 14
1684247988183 0.05394 15
1684248030994 0.05394 16
1684248073714 0.05394 17
1684248116212 0.05394 18
1684248160303 0.05394 19
1684248205866 0.05394 20
1684248249979 0.05394 21
1684248293596 0.05394 22
1684248337273 0.05394 23
1684248381168 0.05394 24
1684248425188 0.05394 25
1684248469462 0.05394 26
1684248513324 0.05394 27
1684248559202 0.05394 28
1684248608839 0.05394 29
1684248655771 0.05394 30
1684248701835 0.05394 31
1684248746542 0.05394 32
1684248790867 0.05394 33
1684248843312 0.05394 34
1684248891314 0.05394 35
1684248938350 0.05394 36
1684248988543 0.05394 37
1684249034910 0.05394 38
1684249080828 0.05394 39
1684249123345 0.05394 40
1684249170980 0.05394 41
1684249218198 0.05394 42
1684249262090 0.05394 43
1684249304397 0.05394 44
1684249347496 0.05394 45
1684249390393 0.05394 46
1684249432841 0.05394 47
1684249475745 0.05394 48
1684249518431 0.05394 49
1684249561337 0.05394 50
1684249603933 0.05394 51
1684249646698 0.05394 52
1684249689199 0.05394 53
1684249732196 0.05394 54
1684249775227 0.05394 55
1684249817897 0.05394 56
1684249860531 0.05394 57
1684249903511 0.05394 58
1684249946511 0.05394 59
1684249989402 0.05394 60
1684250031797 0.05394 61
1684250074887 0.05394 62
1684250117860 0.05394 63
1684250161290 0.05394 64
1684250203864 0.05394 65
1684250246779 0.05394 66
1684250289857 0.05394 67
1684250332477 0.05394 68
1684250375463 0.05394 69
