1684247329541 0.03562 0
1684247374426 0.04683 1
1684247419932 0.03936 2
1684247464446 0.0363 3
1684247509651 0.03431 4
1684247552982 0.03335 5
1684247600191 0.02955 6
1684247646393 0.03489 7
1684247689166 0.03413 8
1684247731706 0.03769 9
1684247774462 0.02903 10
1684247816747 0.04655 11
1684247859284 0.04256 12
1684247902230 0.04584 13
1684247945430 0.05529 14
1684247988177 0.05533 15
1684248030988 0.06418 16
1684248073709 0.06904 17
1684248116206 0.06483 18
1684248160294 0.06943 19
1684248205860 0.09109 20
1684248249971 0.10749 21
1684248293587 0.13623 22
1684248337263 0.13333 23
1684248381163 0.15232 24
1684248425182 0.1607 25
1684248469456 0.17972 26
1684248513315 0.17814 27
1684248559196 0.19655 28
1684248608833 0.2047 29
1684248655762 0.22071 30
1684248701826 0.26589 31
1684248746533 0.23863 32
1684248790860 0.26042 33
1684248843307 0.26495 34
1684248891301 0.27453 35
1684248938345 0.28396 36
1684248988535 0.30593 37
1684249034902 0.31033 38
1684249080820 0.32826 39
1684249123338 0.34466 40
1684249170970 0.33614 41
1684249218193 0.35315 42
1684249262084 0.34703 43
1684249304388 0.35453 44
1684249347487 0.36883 45
1684249390388 0.36634 46
1684249432833 0.36308 47
1684249475737 0.37843 48
1684249518425 0.37873 49
1684249561330 0.39322 50
1684249603926 0.38832 51
1684249646690 0.40347 52
1684249689191 0.39203 53
1684249732189 0.39514 54
1684249775220 0.39399 55
1684249817891 0.41249 56
1684249860523 0.39732 57
1684249903503 0.40161 58
1684249946503 0.41002 59
1684249989397 0.40325 60
1684250031791 0.40328 61
1684250074882 0.42026 62
1684250117853 0.42126 63
1684250161283 0.40522 64
1684250203857 0.42387 65
1684250246771 0.42621 66
1684250289851 0.4286 67
1684250332470 0.41863 68
1684250375455 0.41499 69
