1684247329545 0.28228 0
1684247374429 0.29119 1
1684247419936 0.24602 2
1684247464448 0.22327 3
1684247509657 0.17041 4
1684247552985 0.14435 5
1684247600196 0.12805 6
1684247646396 0.20247 7
1684247689169 0.19152 8
1684247731708 0.22129 9
1684247774465 0.14959 10
1684247816751 0.20744 11
1684247859287 0.19517 12
1684247902234 0.22894 13
1684247945435 0.20715 14
1684247988179 0.26668 15
1684248030991 0.225 16
1684248073712 0.28819 17
1684248116209 0.25478 18
1684248160299 0.3001 19
1684248205863 0.26527 20
1684248249975 0.23868 21
1684248293592 0.25087 22
1684248337268 0.2582 23
1684248381166 0.32295 24
1684248425185 0.2862 25
1684248469459 0.33212 26
1684248513319 0.28636 27
1684248559199 0.33713 28
1684248608836 0.33115 29
1684248655767 0.34689 30
1684248701830 0.36785 31
1684248746537 0.33726 32
1684248790864 0.37752 33
1684248843310 0.38095 34
1684248891306 0.39249 35
1684248938348 0.41514 36
1684248988538 0.39984 37
1684249034907 0.41873 38
1684249080825 0.4362 39
1684249123342 0.42655 40
1684249170975 0.44896 41
1684249218196 0.44748 42
1684249262087 0.45519 43
1684249304392 0.45262 44
1684249347491 0.44842 45
1684249390390 0.4586 46
1684249432837 0.45704 47
1684249475741 0.45914 48
1684249518428 0.47242 49
1684249561334 0.47463 50
1684249603929 0.47228 51
1684249646694 0.46621 52
1684249689195 0.476 53
1684249732194 0.46936 54
1684249775223 0.47268 55
1684249817894 0.48101 56
1684249860527 0.469 57
1684249903507 0.47326 58
1684249946508 0.47306 59
1684249989400 0.477 60
1684250031794 0.46304 61
1684250074884 0.47828 62
1684250117857 0.47693 63
1684250161286 0.4704 64
1684250203860 0.4862 65
1684250246775 0.48352 66
1684250289855 0.49051 67
1684250332473 0.47601 68
1684250375459 0.48332 69
